
#sine values 0 - 360(in radians)


sine_lookup_table <- c(0.0349040200,0.0523427360,0.0697655038,0.0871670149,0.1045419671
,0.1218850666,0.1391910290,0.1564545816,0.1736704642,0.1908334313
,0.2079382537,0.2249797197,0.2419526369,0.2588518338,0.2756721615
,0.2924084951,0.3090557351,0.3256088093,0.3420626741,0.3584123164
,0.3746527545,0.3907790401,0.4067862597,0.4226695362,0.4384240301
,0.4540449411,0.4695275098,0.4848670188,0.5000587942,0.5150982074
,0.5299806761,0.5447016656,0.5592566906,0.5736413165,0.5878511604
,0.6018818926,0.6157292383,0.6293889782,0.6428569505,0.6561290515
,0.6692012374,0.6820695253,0.6947299942,0.7071787869,0.7194121101
,0.7314262367,0.7432175059,0.7547823251,0.7661171708,0.7772185892
,0.7880831979,0.7987076865,0.8090888180,0.8192234293,0.8291084324
,0.8387408156,0.8481176440,0.8572360605,0.8660932869,0.8746866244
,0.8830134549,0.8910712411,0.8988575280,0.9063699432,0.9136061978
,0.9205640868,0.9272414905,0.9336363741,0.9397467893,0.9455708742
,0.9511068545,0.9563530432,0.9613078420,0.9659697411,0.9703373202
,0.9744092486,0.9781842854,0.9816612806,0.9848391746,0.9877169994
,0.9902938779,0.9925690251,0.9945417477,0.9962114448,0.9975776074
,0.9986398195,0.9993977573,0.9998511900,0.9999999793,0.9998440799
,0.9993835393,0.9986184979,0.9975491887,0.9961759376,0.9944991629
,0.9925193756,0.9902371789,0.9876532681,0.9847684306,0.9815835452
,0.9780995825,0.9743176039,0.9702387617,0.9658642988,0.9611955479
,0.9562339316,0.9509809617,0.9454382387,0.9396074513,0.9334903761
,0.9270888770,0.9204049044,0.9134404949,0.9061977703,0.8986789376
,0.8908862875,0.8828221945,0.8744891156,0.8658895897,0.8570262371
,0.8479017582,0.8385189333,0.8288806212,0.8189897585,0.8088493589
,0.7984625121,0.7878323828,0.7769622098,0.7658553053,0.7545150533
,0.7429449092,0.7311483981,0.7191291144,0.7068907201,0.6944369443
,0.6817715814,0.6688984904,0.6558215936,0.6425448754,0.6290723810
,0.6154082155,0.6015565419,0.5875215810,0.5733076088,0.5589189563
,0.5443600075,0.5296351984,0.5147490154,0.4997059942,0.4845107183
,0.4691678175,0.4536819665,0.4380578837,0.4223003297,0.4064141055
,0.3904040516,0.3742750460,0.3580320030,0.3416798717,0.3252236344
,0.3086683051,0.2920189281,0.2752805763,0.2584583495,0.2415573734
,0.2245827976,0.2075397939,0.1904335552,0.1732692935,0.1560522386
,0.1387876364,0.1214807471,0.1041368441,0.0867612117,0.0693591442
,0.0519359437,0.0344969189,0.0170473833,-0.0004073464,-0.0178619520
,-0.0353111153,-0.0527495197,-0.0701718519,-0.0875728036,-0.1049470727
,-0.1222893658,-0.1395943986,-0.1568568986,-0.1740716061,-0.1912332759
,-0.2083366791,-0.2253766045,-0.2423478601,-0.2592452752,-0.2760637011
,-0.2927980135,-0.3094431137,-0.3259939301,-0.3424454199,-0.3587925703
,-0.3750304008,-0.3911539637,-0.4071583464,-0.4230386726,-0.4387901037
,-0.4544078405,-0.4698871243,-0.4852232388,-0.5004115113,-0.5154473140
,-0.5303260658,-0.5450432332,-0.5595943322,-0.5739749290,-0.5881806423
,-0.6022071435,-0.6160501590,-0.6297054710,-0.6431689189,-0.6564364005
,-0.6695038733,-0.6823673559,-0.6950229289,-0.7074667363,-0.7196949865
,-0.7317039539,-0.7434899793,-0.7550494717,-0.7663789091,-0.7774748396
,-0.7883338822,-0.7989527284,-0.8093281428,-0.8194569641,-0.8293361060
,-0.8389625587,-0.8483333890,-0.8574457416,-0.8662968403,-0.8748839881
,-0.8832045687,-0.8912560468,-0.8990359693,-0.9065419658,-0.9137717491
,-0.9207231165,-0.9273939501,-0.9337822171,-0.9398859713,-0.9457033529
,-0.9512325894,-0.9564719960,-0.9614199765,-0.9660750232,-0.9704357178
,-0.9745007316,-0.9782688260,-0.9817388530,-0.9849097553,-0.9877805667
,-0.9903504125,-0.9926185098,-0.9945841675,-0.9962467866,-0.9976058606
,-0.9986609754,-0.9994118095,-0.9998581342,-0.9999998133,-0.9998368039
,-0.9993691555,-0.9985970106,-0.9975206045,-0.9961402651,-0.9944564131
,-0.9924695615,-0.9901803157,-0.9875893731,-0.9846975232,-0.9815056471
,-0.9780147173,-0.9742257975,-0.9701400422,-0.9657586961,-0.9610830943
,-0.9561146614,-0.9508549112,-0.9453054462,-0.9394679573,-0.9333442232
,-0.9269361097,-0.9202455692,-0.9132746404,-0.9060254470,-0.8985001980
,-0.8907011861,-0.8826307877,-0.8742914617,-0.8656857489,-0.8568162715
,-0.8476857318,-0.8382969119,-0.8286526725,-0.8187559519,-0.8086097657
,-0.7982172052,-0.7875814370,-0.7767057016,-0.7655933128,-0.7542476563
,-0.7426721892,-0.7308704382,-0.7188459993,-0.7066025361,-0.6941437791
,-0.6814735244,-0.6685956324,-0.6555140269,-0.6422326937,-0.6287556795
,-0.6150870905,-0.6012310914,-0.5871919040,-0.5729738059,-0.5585811292
,-0.5440182591,-0.5292896328,-0.5143997380,-0.4993531113,-0.4841543375
,-0.4688080472,-0.4533189165,-0.4376916646,-0.4219310531,-0.4060418839
,-0.3900289983,-0.3738972754,-0.3576516301,-0.3412970125,-0.3248384055
,-0.3082808239,-0.2916293127,-0.2748889453,-0.2580648223,-0.2411620699
,-0.2241858382,-0.2071412996,-0.1900336474,-0.1728680940,-0.1556498697
,-0.1383842207,-0.1210764076,-0.1037317038,-0.0863553942,-0.0689527730
,-0.0515291427,-0.0340898121,-0.0166400947,0.0008146927)

sine <- function(x) {

	if (x > 360) x = x %% 360;

	sine_lookup_table[x]
}

#cosine values 0 - 360 (in radians)

cosine <- function(x) {

}

tangent <- function(x) {

}

print(sine(45))
